(13176, (21137,), 8.75, 31.085714285714282)

(24852, (21903, 21137), 1.15, 25.217391304347824)

(13176, (21903, 21137), 1.15, 33.91304347826087)

(24852, (47626, 21137), 0.79, 25.31645569620253)

(13176, (47626, 21137), 0.79, 37.9746835443038)

(21137, (47626, 13176), 0.95, 31.57894736842105)

(24852, (47626, 21903), 0.97, 27.835051546391753)

(24852, (47766,), 5.59, 32.021466905187836)

(24852, (47766, 21137), 0.89, 32.58426966292135)

(13176, (47766, 21137), 0.89, 25.842696629213485)

(21137, (47766, 13176), 0.83, 27.710843373493976)

(24852, (47766, 21903), 1.0699999999999998, 37.38317757009346)

(47766, (21903, 24852), 1.58, 25.31645569620253)

(24852, (47766, 47626), 1.11, 30.630630630630627)

(47766, (47626, 21137), 0.79, 26.582278481012654)

(13176, (47209,), 5.63, 34.10301953818828)

(13176, (47209, 21137), 1.05, 58.0952380952381)

(21137, (47209, 13176), 1.92, 31.770833333333332)

(13176, (47209, 21903), 0.89, 38.20224719101123)

(21137, (47209, 21903, 13176), 0.33999999999999997, 35.294117647058826)

(47209, (21903, 21137, 13176), 0.38999999999999996, 30.76923076923077)

(13176, (47209, 47626), 0.49, 38.775510204081634)

(47209, (47626, 21137, 13176), 0.3, 40.0)

(21137, (47209, 47626), 0.49, 28.57142857142857)

(24852, (26209, 21137), 0.7000000000000001, 27.142857142857142)

(13176, (26209, 21137), 0.7000000000000001, 31.428571428571427)

(21137, (26209, 13176), 0.75, 29.333333333333332)

(24852, (26209, 21903), 0.88, 31.818181818181817)

(21903, (26209, 24852), 0.96, 29.166666666666668)

(13176, (26209, 21903), 0.88, 25.0)

(21903, (26209, 13176), 0.75, 29.333333333333332)

(24852, (26209, 47626), 1.3299999999999998, 25.563909774436087)

(47626, (26209, 24852), 0.96, 35.41666666666667)

(47626, (26209, 13176), 0.75, 33.33333333333333)

(26209, (47626, 13176), 0.95, 26.31578947368421)

(47626, (26209, 21137), 0.7000000000000001, 35.714285714285715)

(26209, (47626, 21137), 0.79, 31.645569620253166)

(21903, (26209, 47626, 24852), 0.33999999999999997, 26.47058823529412)

(47626, (26209, 21903), 0.88, 31.818181818181817)

(26209, (47626, 21903), 0.97, 28.865979381443296)

(47626, (26209,), 4.5, 29.555555555555557)

(24852, (26209, 47766), 0.96, 33.33333333333333)

(47766, (26209, 24852), 0.96, 33.33333333333333)

(47766, (26209, 21137), 0.7000000000000001, 28.57142857142857)

(24852, (26209, 47766, 21903), 0.3, 43.333333333333336)

(21903, (26209, 47766, 24852), 0.32, 40.625)

(26209, (47766, 21903, 24852), 0.4, 32.5)

(21903, (26209, 47766), 0.96, 31.25)

(47766, (26209, 21903), 0.88, 34.090909090909086)

(26209, (47766, 21903), 1.0699999999999998, 28.037383177570092)

(24852, (26209, 47766, 47626), 0.42, 26.190476190476193)

(47626, (26209, 47766, 24852), 0.32, 34.375)

(47766, (26209, 47626, 24852), 0.33999999999999997, 32.35294117647059)

(26209, (47766, 47626, 24852), 0.33999999999999997, 32.35294117647059)

(47626, (26209, 47766, 21903), 0.3, 33.33333333333333)

(47626, (26209, 47766), 0.96, 43.75)

(47766, (26209, 47626), 1.3299999999999998, 31.57894736842105)

(26209, (47766, 47626), 1.11, 37.83783783783784)

(13176, (26209, 47209), 0.59, 33.89830508474576)

(47209, (26209, 13176), 0.75, 26.666666666666668)

(21903, (26209, 47209), 0.59, 28.8135593220339)

(26209, (47209, 47626), 0.49, 26.53061224489796)

(13176, (27966,), 4.33, 36.027713625866056)

(21137, (27966, 24852), 0.7100000000000001, 33.80281690140845)

(13176, (27966, 21137), 1.21, 50.413223140495866)

(21137, (27966, 13176), 1.5599999999999998, 39.1025641025641)

(21137, (27966,), 4.33, 27.9445727482679)

(13176, (27966, 21903), 0.69, 42.028985507246375)

(27966, (21903, 21137, 13176), 0.38999999999999996, 30.76923076923077)

(21137, (27966, 21903), 0.69, 36.231884057971016)

(24852, (27966, 47626), 0.35000000000000003, 25.71428571428571)

(13176, (27966, 47626), 0.35000000000000003, 34.285714285714285)

(21137, (27966, 47626), 0.35000000000000003, 37.142857142857146)

(21903, (27966, 47626), 0.35000000000000003, 28.57142857142857)

(24852, (27966, 47766), 0.38, 31.57894736842105)

(13176, (27966, 47766), 0.38, 28.947368421052634)

(21137, (27966, 47766), 0.38, 31.57894736842105)

(13176, (27966, 47209), 0.77, 57.14285714285714)

(47209, (27966, 13176), 1.5599999999999998, 28.205128205128204)

(21137, (27966, 47209, 13176), 0.44, 50.0)

(47209, (27966, 21137, 13176), 0.61, 36.0655737704918)

(27966, (47209, 21137, 13176), 0.61, 36.0655737704918)

(21137, (27966, 47209), 0.77, 35.064935064935064)

(27966, (47209, 21137), 1.05, 25.71428571428571)

(13176, (27966, 26209), 0.33, 45.45454545454545)

(21137, (27966, 26209), 0.33, 42.42424242424242)

(21903, (27966, 26209), 0.33, 36.36363636363637)

(47209, (27966, 26209), 0.33, 33.33333333333333)

(24852, (16797,), 4.71, 30.997876857749468)

(24852, (16797, 21903), 0.48, 41.66666666666667)

(24852, (16797, 47626), 0.4, 40.0)

(24852, (16797, 47766), 0.41000000000000003, 51.21951219512195)

(13176, (30391,), 3.55, 28.169014084507044)

(13176, (30391, 21137), 0.7799999999999999, 47.43589743589743)

(21137, (30391, 13176), 1.0, 37.0)

(21903, (30391, 24852), 0.52, 25.0)

(13176, (30391, 21903), 0.6799999999999999, 29.411764705882355)

(21903, (30391, 21137, 13176), 0.37, 32.432432432432435)

(30391, (21903, 21137, 13176), 0.38999999999999996, 30.76923076923077)

(24852, (30391, 47626), 0.53, 26.41509433962264)

(47626, (30391, 24852), 0.52, 26.923076923076923)

(24852, (30391, 47766), 0.41000000000000003, 41.46341463414634)

(47766, (30391, 24852), 0.52, 32.69230769230769)

(21903, (30391, 47766), 0.41000000000000003, 26.82926829268293)

(47626, (30391, 47766), 0.41000000000000003, 31.70731707317073)

(13176, (30391, 47209), 0.59, 50.847457627118644)

(47209, (30391, 13176), 1.0, 30.0)

(21137, (30391, 47209, 13176), 0.3, 53.333333333333336)

(47209, (30391, 21137, 13176), 0.37, 43.24324324324324)

(30391, (47209, 21137, 13176), 0.61, 26.229508196721312)

(21137, (30391, 47209), 0.59, 33.89830508474576)

(47209, (30391, 21137), 0.7799999999999999, 25.64102564102564)

(21903, (30391, 47209, 13176), 0.3, 26.666666666666668)

(13176, (30391, 26209), 0.47000000000000003, 25.53191489361702)

(21137, (30391, 26209), 0.47000000000000003, 29.78723404255319)

(47626, (30391, 26209), 0.47000000000000003, 42.5531914893617)

(26209, (30391, 47626), 0.53, 37.735849056603776)

(47766, (30391, 26209), 0.47000000000000003, 27.659574468085108)

(26209, (30391, 47766), 0.41000000000000003, 31.70731707317073)

(13176, (30391, 27966), 0.51, 49.01960784313725)

(27966, (30391, 13176), 1.0, 25.0)

(27966, (30391, 21137, 13176), 0.37, 32.432432432432435)

(21137, (30391, 27966), 0.51, 39.21568627450981)

(27966, (30391, 21137), 0.7799999999999999, 25.64102564102564)

(21903, (30391, 27966), 0.51, 29.411764705882355)

(27966, (30391, 47209, 13176), 0.3, 33.33333333333333)

(47209, (30391, 27966), 0.51, 33.33333333333333)

(27966, (30391, 47209), 0.59, 28.8135593220339)

(13176, (45007, 21137), 0.7100000000000001, 45.07042253521127)

(21137, (45007, 13176), 0.8200000000000001, 39.02439024390244)

(24852, (45007, 47626), 0.5599999999999999, 28.57142857142857)

(21903, (45007, 47626), 0.5599999999999999, 30.357142857142854)

(24852, (45007, 47766), 0.38, 34.21052631578947)

(13176, (45007, 47209), 0.52, 36.53846153846153)

(47209, (45007, 21137, 13176), 0.32, 34.375)

(21137, (45007, 47209), 0.52, 30.76923076923077)

(24852, (45007, 26209), 0.37, 29.72972972972973)

(21137, (45007, 26209), 0.37, 27.027027027027028)

(21903, (45007, 26209), 0.37, 37.83783783783784)

(47626, (45007, 26209), 0.37, 43.24324324324324)

(26209, (45007, 47626), 0.5599999999999999, 28.57142857142857)

(13176, (45007, 27966), 0.33, 48.484848484848484)

(27966, (45007, 21137, 13176), 0.32, 28.125)

(21137, (45007, 27966), 0.33, 39.39393939393939)

(21903, (45007, 27966), 0.33, 27.27272727272727)

(13176, (45007, 30391), 0.33999999999999997, 41.17647058823529)

(21903, (45007, 30391), 0.33999999999999997, 29.411764705882355)

(47209, (45007, 30391), 0.33999999999999997, 26.47058823529412)

(13176, (39275,), 3.5999999999999996, 25.833333333333336)

(21137, (39275, 24852), 0.7000000000000001, 27.142857142857142)

(13176, (39275, 21137), 1.0, 34.0)

(21137, (39275, 13176), 0.9299999999999999, 36.55913978494624)

(21137, (39275,), 3.5999999999999996, 27.77777777777778)

(13176, (39275, 21903), 0.58, 43.103448275862064)

(21903, (39275, 13176), 0.9299999999999999, 26.881720430107524)

(21137, (39275, 21903), 0.58, 31.03448275862069)

(24852, (39275, 47626), 0.31, 25.806451612903224)

(13176, (39275, 47626), 0.31, 25.806451612903224)

(21137, (39275, 47626), 0.31, 29.03225806451613)

(24852, (39275, 47766), 0.3, 43.333333333333336)

(21137, (39275, 47766), 0.3, 40.0)

(21903, (39275, 47766), 0.3, 26.666666666666668)

(13176, (39275, 47209), 0.41000000000000003, 51.21951219512195)

(21137, (39275, 47209), 0.41000000000000003, 29.268292682926827)

(21903, (39275, 47209), 0.41000000000000003, 31.70731707317073)

(26209, (39275, 47626), 0.31, 32.25806451612903)

(26209, (39275, 47766), 0.3, 26.666666666666668)

(13176, (39275, 27966), 0.5499999999999999, 40.0)

(27966, (39275, 21137, 13176), 0.33999999999999997, 29.411764705882355)

(21137, (39275, 27966), 0.5499999999999999, 36.36363636363637)

(27966, (39275, 47209), 0.41000000000000003, 31.70731707317073)

(13176, (39275, 30391), 0.35000000000000003, 40.0)

(30391, (39275, 21137, 13176), 0.33999999999999997, 26.47058823529412)

(21137, (39275, 30391), 0.35000000000000003, 37.142857142857146)

(47209, (39275, 30391), 0.35000000000000003, 25.71428571428571)

(27966, (39275, 30391), 0.35000000000000003, 31.428571428571427)

(24852, (27845,), 3.7199999999999998, 25.0)

(24852, (27845, 21137), 0.89, 30.337078651685395)

(21137, (27845, 24852), 0.9299999999999999, 29.03225806451613)

(13176, (27845, 21137), 0.89, 37.07865168539326)

(21137, (27845, 13176), 0.86, 38.372093023255815)

(24852, (27845, 21903), 0.44999999999999996, 33.33333333333333)

(21137, (27845, 21903), 0.44999999999999996, 33.33333333333333)

(21137, (27845, 47626), 0.38, 39.473684210526315)

(24852, (27845, 47766), 0.45999999999999996, 50.0)

(21137, (27845, 47766), 0.45999999999999996, 34.78260869565217)

(47626, (27845, 47766), 0.45999999999999996, 32.608695652173914)

(47766, (27845, 47626), 0.38, 39.473684210526315)

(24852, (27845, 26209), 0.3, 33.33333333333333)

(21137, (27845, 26209), 0.3, 33.33333333333333)

(21903, (27845, 26209), 0.3, 26.666666666666668)

(47626, (27845, 26209), 0.3, 40.0)

(26209, (27845, 47626), 0.38, 31.57894736842105)

(47766, (27845, 26209), 0.3, 36.666666666666664)

(24852, (27845, 30391), 0.37, 29.72972972972973)

(13176, (27845, 30391), 0.37, 32.432432432432435)

(21137, (27845, 30391), 0.37, 35.13513513513514)

(24852, (27845, 45007), 0.3, 26.666666666666668)

(13176, (27845, 45007), 0.3, 36.666666666666664)

(21137, (27845, 45007), 0.3, 30.0)

(24852, (24964, 21137), 0.38999999999999996, 25.64102564102564)

(13176, (24964, 21137), 0.38999999999999996, 33.33333333333333)

(24852, (24964, 47626), 0.53, 39.62264150943396)

(47626, (24964, 24852), 0.5700000000000001, 36.84210526315789)

(47626, (24964, 21137), 0.38999999999999996, 28.205128205128204)

(24852, (24964, 47766), 0.38, 50.0)

(47766, (24964, 24852), 0.5700000000000001, 33.33333333333333)

(47626, (24964, 47766), 0.38, 44.73684210526316)

(47766, (24964, 47626), 0.53, 32.075471698113205)

(13176, (24964, 47209), 0.5599999999999999, 41.07142857142857)

(47209, (24964, 13176), 0.64, 35.9375)

(21137, (24964, 47209), 0.5599999999999999, 25.0)

(47209, (24964, 21137), 0.38999999999999996, 35.8974358974359)

(24852, (24964, 26209), 0.6, 30.0)

(26209, (24964, 24852), 0.5700000000000001, 31.57894736842105)

(21903, (24964, 26209), 0.6, 26.666666666666668)

(26209, (24964, 21903), 0.5700000000000001, 28.07017543859649)

(47626, (24964, 26209), 0.6, 26.666666666666668)

(26209, (24964, 47626), 0.53, 30.18867924528302)

(24964, (26209, 47766, 24852), 0.32, 34.375)

(47766, (24964, 26209), 0.6, 28.333333333333332)

(26209, (24964, 47766), 0.38, 44.73684210526316)

(13176, (24964, 45007), 0.36, 27.77777777777778)

(24852, (24964, 27845), 0.31, 29.03225806451613)

(13176, (24964, 27845), 0.31, 29.03225806451613)

(47766, (24964, 27845), 0.31, 25.806451612903224)

(26209, (24964, 27845), 0.31, 25.806451612903224)

(24964, (27845, 26209), 0.3, 26.666666666666668)

(13176, (8518, 21137), 0.47000000000000003, 38.297872340425535)

(21137, (8518, 13176), 0.59, 30.508474576271187)

(24852, (8518, 47626), 0.7000000000000001, 30.0)

(47626, (8518, 24852), 0.59, 35.59322033898305)

(47626, (8518, 21903), 0.5700000000000001, 29.82456140350877)

(47766, (8518, 24852), 0.59, 25.423728813559322)

(21903, (8518, 47766), 0.62, 25.806451612903224)

(47766, (8518, 21903), 0.5700000000000001, 28.07017543859649)

(47626, (8518, 47766), 0.62, 32.25806451612903)

(47766, (8518, 47626), 0.7000000000000001, 28.57142857142857)

(13176, (8518, 47209), 0.38999999999999996, 25.64102564102564)

(21903, (8518, 26209), 0.5599999999999999, 28.57142857142857)

(26209, (8518, 21903), 0.5700000000000001, 28.07017543859649)

(47626, (8518, 26209), 0.5599999999999999, 44.642857142857146)

(26209, (8518, 47626), 0.7000000000000001, 35.714285714285715)

(8518, (26209, 47766, 21903), 0.3, 30.0)

(8518, (26209, 47766, 47626), 0.42, 26.190476190476193)

(47766, (8518, 26209), 0.5599999999999999, 42.857142857142854)

(26209, (8518, 47766), 0.62, 38.70967741935484)

(8518, (26209, 47766), 0.96, 25.0)

(27966, (8518, 21137), 0.47000000000000003, 25.53191489361702)

(13176, (8518, 30391), 0.38, 26.31578947368421)

(47626, (8518, 30391), 0.38, 34.21052631578947)

(26209, (8518, 30391), 0.38, 28.947368421052634)

(21903, (8518, 45007), 0.3, 30.0)

(47626, (8518, 45007), 0.3, 36.666666666666664)

(47766, (8518, 45007), 0.3, 26.666666666666668)

(13176, (40706, 21137), 0.6, 30.0)

(24852, (40706, 21903), 0.75, 26.666666666666668)

(21903, (40706, 24852), 0.7000000000000001, 28.57142857142857)

(13176, (40706, 21903), 0.75, 29.333333333333332)

(21903, (40706, 13176), 0.73, 30.136986301369863)

(21903, (40706, 21137), 0.6, 30.0)

(21903, (40706, 47626), 0.5700000000000001, 31.57894736842105)

(24852, (40706, 47766), 0.5700000000000001, 28.07017543859649)

(21137, (40706, 47766), 0.5700000000000001, 26.31578947368421)

(47766, (40706, 21137), 0.6, 25.0)

(21903, (40706, 47766), 0.5700000000000001, 31.57894736842105)

(13176, (40706, 47209), 0.38999999999999996, 43.58974358974359)

(21137, (40706, 47209), 0.38999999999999996, 28.205128205128204)

(21903, (40706, 47209), 0.38999999999999996, 30.76923076923077)

(24852, (40706, 26209), 0.31, 29.03225806451613)

(21903, (40706, 26209), 0.31, 32.25806451612903)

(47626, (40706, 26209), 0.31, 45.16129032258064)

(47766, (40706, 26209), 0.31, 35.483870967741936)

(13176, (40706, 27966), 0.42, 33.33333333333333)

(21137, (40706, 27966), 0.42, 38.095238095238095)

(27966, (40706, 21137), 0.6, 26.666666666666668)

(21903, (40706, 27966), 0.42, 30.952380952380953)

(13176, (40706, 30391), 0.44999999999999996, 46.666666666666664)

(30391, (40706, 13176), 0.73, 28.767123287671232)

(21137, (40706, 30391), 0.44999999999999996, 28.888888888888886)

(27966, (40706, 30391), 0.44999999999999996, 28.888888888888886)

(30391, (40706, 27966), 0.42, 30.952380952380953)

(40706, (30391, 27966), 0.51, 25.49019607843137)

(21903, (40706, 45007), 0.3, 46.666666666666664)

(47626, (40706, 45007), 0.3, 40.0)

(40706, (39275, 30391), 0.35000000000000003, 25.71428571428571)

(21903, (40706, 8518), 0.44999999999999996, 28.888888888888886)

(47626, (40706, 8518), 0.44999999999999996, 40.0)

(8518, (40706, 47626), 0.5700000000000001, 31.57894736842105)

(40706, (8518, 47626), 0.7000000000000001, 25.71428571428571)

(47766, (40706, 8518), 0.44999999999999996, 26.666666666666668)

(8518, (40706, 27966), 0.42, 26.190476190476193)

(13176, (22935, 21137), 0.44999999999999996, 26.666666666666668)

(24852, (22935, 47626), 0.42, 30.952380952380953)

(47626, (22935, 24852), 0.5, 26.0)

(24852, (22935, 47766), 0.36, 33.33333333333333)

(21903, (22935, 47766), 0.36, 25.0)

(47626, (22935, 47766), 0.36, 33.33333333333333)

(47766, (22935, 47626), 0.42, 28.57142857142857)

(13176, (22935, 47209), 0.54, 40.74074074074074)

(47209, (22935, 13176), 0.66, 33.33333333333333)

(21137, (22935, 47209), 0.54, 29.629629629629626)

(47209, (22935, 21137), 0.44999999999999996, 35.55555555555556)

(21903, (22935, 26209), 0.44999999999999996, 28.888888888888886)

(47626, (22935, 26209), 0.44999999999999996, 28.888888888888886)

(26209, (22935, 47626), 0.42, 30.952380952380953)

(47766, (22935, 26209), 0.44999999999999996, 28.888888888888886)

(26209, (22935, 47766), 0.36, 36.11111111111111)

(13176, (22935, 30391), 0.3, 26.666666666666668)

(24964, (22935, 47626), 0.42, 28.57142857142857)

(47209, (22935, 24964), 0.59, 30.508474576271187)

(24964, (22935, 47209), 0.54, 33.33333333333333)

(22935, (24964, 47209), 0.5599999999999999, 32.142857142857146)

(26209, (22935, 24964), 0.59, 28.8135593220339)

(24964, (22935, 26209), 0.44999999999999996, 37.77777777777778)

(22935, (24964, 26209), 0.6, 28.333333333333332)

(47626, (22935, 8518), 0.33999999999999997, 29.411764705882355)

(26209, (22935, 8518), 0.33999999999999997, 29.411764705882355)

(24964, (22935, 8518), 0.33999999999999997, 26.47058823529412)

(13176, (22935, 40706), 0.35000000000000003, 25.71428571428571)

(21137, (22935, 40706), 0.35000000000000003, 28.57142857142857)

(21903, (22935, 40706), 0.35000000000000003, 25.71428571428571)

(47626, (22935, 40706), 0.35000000000000003, 25.71428571428571)

(47766, (22935, 40706), 0.35000000000000003, 25.71428571428571)

(40706, (22935, 47766), 0.36, 25.0)

(47209, (22935, 40706), 0.35000000000000003, 28.57142857142857)

(22935, (40706, 47209), 0.38999999999999996, 25.64102564102564)

(8518, (22935, 40706), 0.35000000000000003, 34.285714285714285)

(40706, (22935, 8518), 0.33999999999999997, 35.294117647058826)

(22935, (40706, 8518), 0.44999999999999996, 26.666666666666668)

(24852, (4920,), 3.0700000000000003, 28.990228013029316)

(24852, (4920, 21137), 0.5700000000000001, 33.33333333333333)

(13176, (4920, 21137), 0.5700000000000001, 29.82456140350877)

(21137, (4920, 13176), 0.5499999999999999, 30.909090909090907)

(24852, (4920, 21903), 0.33999999999999997, 50.0)

(24852, (4920, 47626), 0.48, 39.58333333333333)

(47626, (4920, 21903), 0.33999999999999997, 32.35294117647059)

(24852, (4920, 47766), 0.44999999999999996, 37.77777777777778)

(21137, (4920, 47766), 0.44999999999999996, 28.888888888888886)

(21903, (4920, 47766), 0.44999999999999996, 28.888888888888886)

(47766, (4920, 21903), 0.33999999999999997, 38.23529411764706)

(47626, (4920, 47766), 0.44999999999999996, 33.33333333333333)

(47766, (4920, 47626), 0.48, 31.25)

(47209, (4920, 13176), 0.5499999999999999, 27.27272727272727)

(26209, (4920, 47626), 0.48, 29.166666666666668)

(24852, (4920, 16797), 0.36, 36.11111111111111)

(13176, (4920, 16797), 0.36, 25.0)

(24852, (46979, 21137), 0.47000000000000003, 27.659574468085108)

(13176, (46979, 21137), 0.47000000000000003, 31.914893617021278)

(24852, (46979, 21903), 0.51, 25.49019607843137)

(13176, (46979, 21903), 0.51, 27.450980392156865)

(24852, (46979, 47766), 0.44, 40.909090909090914)

(47766, (46979, 24852), 0.65, 27.692307692307693)

(21137, (46979, 47766), 0.44, 29.545454545454547)

(47766, (46979, 21137), 0.47000000000000003, 27.659574468085108)

(47626, (46979, 47766), 0.44, 27.27272727272727)

(47626, (46979, 26209), 0.37, 48.64864864864865)

(26209, (46979, 47626), 0.54, 33.33333333333333)

(27966, (46979, 21137), 0.47000000000000003, 25.53191489361702)

(13176, (46979, 30391), 0.38, 31.57894736842105)

(21137, (46979, 30391), 0.38, 28.947368421052634)

(21903, (46979, 30391), 0.38, 26.31578947368421)

(47626, (46979, 30391), 0.38, 34.21052631578947)

(26209, (46979, 30391), 0.38, 26.31578947368421)

(30391, (46979, 26209), 0.37, 27.027027027027028)

(24852, (46979, 45007), 0.35000000000000003, 28.57142857142857)

(13176, (46979, 45007), 0.35000000000000003, 28.57142857142857)

(21137, (46979, 45007), 0.35000000000000003, 25.71428571428571)

(21903, (46979, 45007), 0.35000000000000003, 28.57142857142857)

(47626, (46979, 45007), 0.35000000000000003, 31.428571428571427)

(24852, (31717, 21137), 0.41000000000000003, 26.82926829268293)

(13176, (31717, 21137), 0.41000000000000003, 26.82926829268293)

(21137, (31717, 13176), 0.4, 27.500000000000004)

(24852, (31717, 21903), 0.42, 33.33333333333333)

(21903, (31717, 24852), 0.47000000000000003, 29.78723404255319)

(24852, (31717, 47626), 0.41000000000000003, 29.268292682926827)

(47626, (31717, 24852), 0.47000000000000003, 25.53191489361702)

(24852, (31717, 47766), 0.38999999999999996, 25.64102564102564)

(21903, (31717, 47766), 0.38999999999999996, 25.64102564102564)

(47626, (31717, 47766), 0.38999999999999996, 30.76923076923077)

(47766, (31717, 47626), 0.41000000000000003, 29.268292682926827)

(13176, (31717, 47209), 0.47000000000000003, 27.659574468085108)

(47209, (31717, 13176), 0.4, 32.5)

(47209, (31717, 21137), 0.41000000000000003, 26.82926829268293)

(26209, (31717, 24852), 0.47000000000000003, 29.78723404255319)

(26209, (31717, 13176), 0.4, 30.0)

(26209, (31717, 21137), 0.41000000000000003, 31.70731707317073)

(21903, (31717, 26209), 0.7100000000000001, 25.352112676056336)

(26209, (31717, 21903), 0.42, 42.857142857142854)

(47626, (31717, 26209), 0.7100000000000001, 25.352112676056336)

(26209, (31717, 47626), 0.41000000000000003, 43.90243902439025)

(26209, (31717, 47766), 0.38999999999999996, 41.02564102564102)

(26209, (31717, 47209), 0.47000000000000003, 34.04255319148936)

(31717, (26209, 47209), 0.59, 27.11864406779661)

(26209, (31717,), 2.62, 27.099236641221374)

(31717, (27966, 26209), 0.33, 30.303030303030305)

(47626, (31717, 30391), 0.35000000000000003, 28.57142857142857)

(26209, (31717, 30391), 0.35000000000000003, 34.285714285714285)

(31717, (30391, 26209), 0.47000000000000003, 25.53191489361702)

(24852, (31717, 24964), 0.41000000000000003, 31.70731707317073)

(24964, (31717, 24852), 0.47000000000000003, 27.659574468085108)

(47626, (31717, 24964), 0.41000000000000003, 26.82926829268293)

(24964, (31717, 47626), 0.41000000000000003, 26.82926829268293)

(26209, (31717, 24964), 0.41000000000000003, 39.02439024390244)

(31717, (24964, 26209), 0.6, 26.666666666666668)

(47626, (31717, 8518), 0.44, 25.0)

(8518, (31717, 47626), 0.41000000000000003, 26.82926829268293)

(26209, (31717, 8518), 0.44, 36.36363636363637)

(31717, (8518, 26209), 0.5599999999999999, 28.57142857142857)

(8518, (31717, 30391), 0.35000000000000003, 28.57142857142857)

(31717, (8518, 30391), 0.38, 26.31578947368421)

(24964, (31717, 8518), 0.44, 25.0)

(8518, (31717, 24964), 0.41000000000000003, 26.82926829268293)

(31717, (8518, 24964), 0.42, 26.190476190476193)

(31717, (40706, 26209), 0.31, 29.03225806451613)

(21903, (31717, 22935), 0.37, 27.027027027027028)

(47626, (31717, 22935), 0.37, 27.027027027027028)

(26209, (31717, 22935), 0.37, 35.13513513513514)

(31717, (22935, 26209), 0.44999999999999996, 28.888888888888886)

(24964, (31717, 22935), 0.37, 29.72972972972973)

(22935, (31717, 24964), 0.41000000000000003, 26.82926829268293)

(8518, (31717, 22935), 0.37, 35.13513513513514)

(22935, (31717, 8518), 0.44, 29.545454545454547)

(31717, (22935, 8518), 0.33999999999999997, 38.23529411764706)

(31717, (22935, 40706), 0.35000000000000003, 25.71428571428571)

(13176, (5876,), 2.85, 31.57894736842105)

(13176, (5876, 21137), 0.44999999999999996, 53.333333333333336)

(21137, (5876, 13176), 0.8999999999999999, 26.666666666666668)

(13176, (5876, 21903), 0.52, 42.30769230769231)

(21137, (5876, 21903), 0.52, 25.0)

(21903, (5876, 21137), 0.44999999999999996, 28.888888888888886)

(13176, (5876, 47209), 0.64, 46.875)

(47209, (5876, 13176), 0.8999999999999999, 33.33333333333333)

(21137, (5876, 47209, 13176), 0.3, 33.33333333333333)

(21137, (5876, 47209), 0.64, 26.5625)

(47209, (5876, 21137), 0.44999999999999996, 37.77777777777778)

(21903, (5876, 47209, 13176), 0.3, 33.33333333333333)

(5876, (47209, 21903, 13176), 0.33999999999999997, 29.411764705882355)

(21903, (5876, 47209), 0.64, 25.0)

(47209, (5876, 21903), 0.52, 30.76923076923077)

(21903, (5876, 26209), 0.35000000000000003, 31.428571428571427)

(13176, (5876, 27966), 0.33, 57.57575757575758)

(21137, (5876, 27966), 0.33, 33.33333333333333)

(27966, (5876, 47209, 13176), 0.3, 26.666666666666668)

(47209, (5876, 27966), 0.33, 33.33333333333333)

(13176, (5876, 30391), 0.44, 36.36363636363637)

(30391, (5876, 47209, 13176), 0.3, 30.0)

(5876, (30391, 47209, 13176), 0.3, 30.0)

(47209, (5876, 30391), 0.44, 29.545454545454547)

(27966, (5876, 30391), 0.44, 29.545454545454547)

(30391, (5876, 27966), 0.33, 39.39393939393939)

(5876, (30391, 27966), 0.51, 25.49019607843137)

(13176, (5876, 45007), 0.33999999999999997, 41.17647058823529)

(21137, (5876, 45007), 0.33999999999999997, 29.411764705882355)

(21903, (5876, 45007), 0.33999999999999997, 29.411764705882355)

(13176, (5876, 24964), 0.32, 25.0)

(21903, (5876, 24964), 0.32, 25.0)

(47209, (5876, 24964), 0.32, 31.25)

(8518, (5876, 24964), 0.32, 25.0)

(13176, (5876, 22935), 0.32, 31.25)

(21903, (5876, 22935), 0.32, 40.625)

(22935, (5876, 21903), 0.52, 25.0)

(47209, (5876, 22935), 0.32, 28.125)

(24964, (5876, 22935), 0.32, 25.0)

(22935, (5876, 24964), 0.32, 25.0)

(31717, (5876, 26209), 0.35000000000000003, 25.71428571428571)

(24852, (4605,), 2.82, 27.30496453900709)

(24852, (4605, 21903), 0.49, 34.69387755102041)

(24852, (4605, 47626), 0.58, 31.03448275862069)

(24852, (4605, 47766), 0.38, 31.57894736842105)

(47626, (4605, 47766), 0.38, 42.10526315789473)

(47766, (4605, 47626), 0.58, 27.586206896551722)

(24852, (4605, 26209), 0.41000000000000003, 36.58536585365854)

(21903, (4605, 26209), 0.41000000000000003, 29.268292682926827)

(47626, (4605, 26209), 0.41000000000000003, 43.90243902439025)

(26209, (4605, 47626), 0.58, 31.03448275862069)

(47766, (4605, 26209), 0.41000000000000003, 29.268292682926827)

(26209, (4605, 47766), 0.38, 31.57894736842105)

(47626, (4605, 45007), 0.33, 36.36363636363637)

(8518, (4605, 47766), 0.38, 26.31578947368421)

(13176, (42265,), 2.8400000000000003, 25.0)

(13176, (42265, 21137), 0.5, 44.0)

(21137, (42265, 13176), 0.7100000000000001, 30.985915492957744)

(24852, (42265, 21903), 0.44, 29.545454545454547)

(13176, (42265, 21903), 0.44, 34.090909090909086)

(24852, (42265, 47626), 0.33999999999999997, 26.47058823529412)

(13176, (42265, 47626), 0.33999999999999997, 26.47058823529412)

(24852, (42265, 47766), 0.3, 53.333333333333336)

(47766, (42265, 24852), 0.5599999999999999, 28.57142857142857)

(21903, (42265, 47766), 0.3, 26.666666666666668)

(47626, (42265, 47766), 0.3, 33.33333333333333)

(47766, (42265, 47626), 0.33999999999999997, 29.411764705882355)

(13176, (42265, 47209), 0.32, 43.75)

(21137, (42265, 47209), 0.32, 34.375)

(13176, (42265, 30391), 0.3, 30.0)

(21903, (42265, 30391), 0.3, 33.33333333333333)

(47626, (42265, 30391), 0.3, 26.666666666666668)

(45007, (42265, 47626), 0.33999999999999997, 26.47058823529412)

(4920, (42265, 24852), 0.5599999999999999, 26.785714285714285)

(24852, (45066,), 2.88, 36.11111111111111)

(24852, (45066, 21137), 0.4, 35.0)

(13176, (45066, 21137), 0.4, 27.500000000000004)

(24852, (45066, 21903), 0.31, 41.935483870967744)

(13176, (45066, 21903), 0.31, 25.806451612903224)

(24852, (45066, 47626), 0.45999999999999996, 32.608695652173914)

(24852, (45066, 47766), 0.31, 48.38709677419355)

(47626, (45066, 47766), 0.31, 25.806451612903224)

(13176, (45066, 47209), 0.33, 30.303030303030305)

(21903, (45066, 47209), 0.33, 27.27272727272727)

(47209, (45066, 21903), 0.31, 29.03225806451613)

(24852, (45066, 16797), 0.32, 62.5)

(47766, (45066, 16797), 0.32, 25.0)

(16797, (45066, 47766), 0.31, 25.806451612903224)

(13176, (19057,), 2.29, 34.93449781659388)

(13176, (19057, 21137), 0.5599999999999999, 53.57142857142857)

(21137, (19057, 13176), 0.8, 37.5)

(21903, (19057, 24852), 0.33999999999999997, 26.47058823529412)

(13176, (19057, 21903), 0.42, 45.23809523809524)

(21903, (19057, 21137, 13176), 0.3, 26.666666666666668)

(21137, (19057, 21903), 0.42, 28.57142857142857)

(13176, (19057, 47209), 0.43, 44.18604651162791)

(47209, (19057, 21137, 13176), 0.3, 30.0)

(21137, (19057, 47209), 0.43, 30.23255813953488)

(21903, (19057, 47209), 0.43, 27.906976744186046)

(47209, (19057, 21903), 0.42, 28.57142857142857)

(13176, (19057, 27966), 0.36, 63.888888888888886)

(27966, (19057, 13176), 0.8, 28.749999999999996)

(27966, (19057, 21137, 13176), 0.3, 40.0)

(21137, (19057, 27966), 0.36, 44.44444444444444)

(27966, (19057, 21137), 0.5599999999999999, 28.57142857142857)

(21903, (19057, 27966), 0.36, 25.0)

(47209, (19057, 27966), 0.36, 38.88888888888889)

(27966, (19057, 47209), 0.43, 32.55813953488372)

(21137, (44632, 13176), 0.38, 26.31578947368421)

(47209, (44632, 13176), 0.38, 28.947368421052634)

(24852, (8424,), 2.2800000000000002, 25.438596491228072)

(24852, (8424, 21903), 0.38999999999999996, 30.76923076923077)

(47626, (8424, 13176), 0.31, 29.03225806451613)

(24852, (8424, 47766), 0.35000000000000003, 48.57142857142857)

(47766, (8424, 24852), 0.58, 29.310344827586203)

(21903, (8424, 47766), 0.35000000000000003, 25.71428571428571)

(21903, (8424, 26209), 0.3, 40.0)

(26209, (8424, 21903), 0.38999999999999996, 30.76923076923077)

(47626, (8424, 26209), 0.3, 50.0)

(26209, (8424, 47626), 0.44999999999999996, 33.33333333333333)

(47766, (8424, 26209), 0.3, 30.0)

(26209, (8424, 47766), 0.35000000000000003, 25.71428571428571)

(24852, (8424, 16797), 0.32, 46.875)

(16797, (8424, 24852), 0.58, 25.862068965517242)

(21903, (8424, 16797), 0.32, 28.125)

(47766, (8424, 16797), 0.32, 25.0)

(39275, (8424, 16797), 0.32, 25.0)

(47626, (8424, 46979), 0.33, 30.303030303030305)

(46979, (8424, 26209), 0.3, 26.666666666666668)

(30391, (8424, 46979), 0.33, 27.27272727272727)

(45066, (8424, 16797), 0.32, 28.125)

(8424, (45066, 16797), 0.32, 28.125)

(13176, (44359,), 2.15, 25.116279069767444)

(13176, (44359, 21137), 0.43, 44.18604651162791)

(21137, (44359, 13176), 0.54, 35.18518518518518)

(21903, (44359, 24852), 0.3, 33.33333333333333)

(24852, (44359, 47626), 0.32, 31.25)

(47626, (44359, 24852), 0.3, 33.33333333333333)

(13176, (44359, 47209), 0.32, 40.625)

(21137, (44359, 47209), 0.32, 31.25)

(21903, (44359, 47209), 0.32, 25.0)

(13176, (44359, 30391), 0.49, 32.6530612244898)

(30391, (44359, 13176), 0.54, 29.629629629629626)

(21137, (44359, 30391), 0.49, 28.57142857142857)

(30391, (44359, 21137), 0.43, 32.55813953488372)

(21903, (44359, 30391), 0.49, 28.57142857142857)

(30391, (44359, 21903), 0.44999999999999996, 31.11111111111111)

(30391, (44359, 47626), 0.32, 31.25)

(30391, (44359, 47209), 0.32, 28.125)

(13176, (44359, 24964), 0.3, 36.666666666666664)

(30391, (44359, 24964), 0.3, 30.0)

(13176, (44359, 42265), 0.3, 36.666666666666664)

(21903, (44359, 42265), 0.3, 26.666666666666668)

(30391, (44359, 42265), 0.3, 36.666666666666664)

(44359, (42265, 30391), 0.3, 36.666666666666664)

(22935, (44359, 42265), 0.3, 30.0)

(24852, (28204,), 2.33, 36.05150214592275)

(24852, (28204, 21903), 0.3, 36.666666666666664)

(24852, (28204, 47626), 0.38999999999999996, 33.33333333333333)

(13176, (28204, 47626), 0.38999999999999996, 25.64102564102564)

(24852, (28204, 47766), 0.31, 61.29032258064516)

(47209, (28204, 13176), 0.42, 26.190476190476193)

(26209, (28204, 21903), 0.3, 26.666666666666668)

(24852, (24184,), 2.19, 25.11415525114155)

(24852, (24184, 47626), 0.36, 27.77777777777778)

(24852, (24184, 47766), 0.41000000000000003, 48.78048780487805)

(47766, (24184, 24852), 0.5499999999999999, 36.36363636363637)

(47766, (24184, 47626), 0.36, 25.0)

(24852, (24184, 45007), 0.31, 35.483870967741936)

(47626, (24184, 45007), 0.31, 29.03225806451613)

(45007, (24184, 47626), 0.36, 25.0)

(8518, (24184, 47626), 0.36, 27.77777777777778)

(4605, (24184, 47626), 0.36, 25.0)

(13176, (37646,), 2.3, 30.434782608695656)

(13176, (37646, 21137), 0.45999999999999996, 47.82608695652174)

(21137, (37646, 13176), 0.7000000000000001, 31.428571428571427)

(24852, (37646, 21903), 0.42, 26.190476190476193)

(13176, (37646, 21903), 0.42, 30.952380952380953)

(24852, (21938,), 1.9800000000000002, 26.262626262626267)

(24852, (21938, 47626), 0.3, 40.0)

(47766, (21938, 24852), 0.52, 25.0)

(47766, (21938, 47626), 0.3, 33.33333333333333)

(26209, (21938, 47626), 0.3, 40.0)

(30391, (21938, 47626), 0.3, 26.666666666666668)

(40706, (21938, 47626), 0.3, 30.0)

(46979, (21938, 47626), 0.3, 26.666666666666668)

(24852, (21938, 24184), 0.41000000000000003, 31.70731707317073)

(24184, (21938, 24852), 0.52, 25.0)

(13176, (30489, 21137), 0.41000000000000003, 34.146341463414636)

(21137, (30489, 13176), 0.49, 28.57142857142857)

(24852, (30489, 21903), 0.32, 28.125)

(13176, (30489, 21903), 0.32, 28.125)

(24852, (30489, 47766), 0.36, 27.77777777777778)

(13176, (30489, 47766), 0.36, 33.33333333333333)

(13176, (48679, 21137), 0.42, 45.23809523809524)

(21137, (48679, 13176), 0.48, 39.58333333333333)

(24852, (48679, 21903), 0.52, 26.923076923076923)

(21903, (48679, 24852), 0.43, 32.55813953488372)

(13176, (48679, 21903), 0.52, 26.923076923076923)

(21903, (48679, 13176), 0.48, 29.166666666666668)

(21137, (48679, 21903), 0.52, 25.0)

(21903, (48679, 21137), 0.42, 30.952380952380953)

(47766, (48679, 24852), 0.43, 25.581395348837212)

(13176, (48679, 47209), 0.33, 39.39393939393939)

(47209, (48679, 13176), 0.48, 27.083333333333332)

(21137, (48679, 47209), 0.33, 30.303030303030305)

(21903, (48679, 47209), 0.33, 36.36363636363637)

(26209, (48679, 21903), 0.52, 25.0)

(27966, (48679, 13176), 0.48, 25.0)

(24852, (48679, 45007), 0.37, 29.72972972972973)

(45007, (48679, 24852), 0.43, 25.581395348837212)

(13176, (48679, 45007), 0.37, 27.027027027027028)

(21137, (48679, 45007), 0.37, 32.432432432432435)

(45007, (48679, 21137), 0.42, 28.57142857142857)

(45007, (48679, 47209), 0.33, 27.27272727272727)

(46979, (48679, 45007), 0.37, 27.027027027027028)

(48679, (46979, 45007), 0.35000000000000003, 28.57142857142857)

(13176, (5450, 21137), 0.36, 36.11111111111111)

(21137, (5450, 13176), 0.4, 32.5)

(24852, (5450, 21903), 0.32, 28.125)

(13176, (5450, 21903), 0.32, 25.0)

(24852, (5450, 47626), 0.36, 25.0)

(47626, (5450, 21903), 0.32, 25.0)

(21137, (26604, 24852), 0.44, 27.27272727272727)

(13176, (26604, 21137), 0.5, 36.0)

(21137, (26604, 13176), 0.4, 45.0)

(13176, (26604, 27966), 0.37, 27.027027027027028)

(27966, (26604, 13176), 0.4, 25.0)

(21137, (26604, 27966), 0.37, 32.432432432432435)

(13176, (27104,), 1.96, 25.510204081632654)

(13176, (27104, 21137), 0.33, 48.484848484848484)

(21137, (27104, 13176), 0.5, 32.0)

(24852, (27104, 21903), 0.35000000000000003, 34.285714285714285)

(21903, (27104, 24852), 0.4, 30.0)

(47766, (27104, 24852), 0.4, 32.5)

(47766, (27104, 21903), 0.35000000000000003, 31.428571428571427)

(13176, (27104, 47209), 0.33999999999999997, 44.11764705882353)

(47209, (27104, 13176), 0.5, 30.0)

(21903, (27104, 47209), 0.33999999999999997, 26.47058823529412)

(47209, (27104, 21903), 0.35000000000000003, 25.71428571428571)

(26209, (27104, 21903), 0.35000000000000003, 28.57142857142857)

(45007, (27104, 21137), 0.33, 27.27272727272727)

(40706, (27104, 21137), 0.33, 27.27272727272727)

(24852, (28985,), 2.09, 25.837320574162682)

(24852, (28985, 21903), 0.43, 27.906976744186046)

(13176, (28985, 21903), 0.43, 27.906976744186046)

(21903, (28985, 13176), 0.44999999999999996, 26.666666666666668)

(24852, (28985, 47626), 0.38, 31.57894736842105)

(47766, (28985, 21903), 0.43, 27.906976744186046)

(26209, (28985, 21903), 0.43, 27.906976744186046)

(28985, (26209, 47766, 21903), 0.3, 26.666666666666668)

(28985, (27104, 24852), 0.4, 25.0)

(13176, (17794, 21137), 0.31, 48.38709677419355)

(21137, (17794, 13176), 0.44999999999999996, 33.33333333333333)

(13176, (17794, 21903), 0.33999999999999997, 32.35294117647059)

(21137, (17794, 21903), 0.33999999999999997, 32.35294117647059)

(21903, (17794, 21137), 0.31, 35.483870967741936)

(47626, (17794, 21137), 0.31, 25.806451612903224)

(26209, (17794, 47626), 0.33999999999999997, 32.35294117647059)

(24852, (43961, 21137), 0.36, 25.0)

(13176, (43961, 21137), 0.36, 36.11111111111111)

(21137, (43961, 13176), 0.45999999999999996, 28.26086956521739)

(13176, (43961, 21903), 0.41000000000000003, 39.02439024390244)

(21903, (43961, 13176), 0.45999999999999996, 34.78260869565217)

(21137, (43961, 21903), 0.41000000000000003, 34.146341463414636)

(21903, (43961, 21137), 0.36, 38.88888888888889)

(24852, (43961, 47766), 0.33, 36.36363636363637)

(47766, (43961, 24852), 0.44999999999999996, 26.666666666666668)

(21903, (43961, 47766), 0.33, 33.33333333333333)

(47766, (43961, 21903), 0.41000000000000003, 26.82926829268293)

(47209, (43961, 13176), 0.45999999999999996, 26.08695652173913)

(40706, (43961, 21137), 0.36, 25.0)

(30489, (43961, 47766), 0.33, 27.27272727272727)

(43961, (30489, 47766), 0.36, 25.0)

(13176, (41950,), 1.96, 25.0)

(13176, (41950, 21137), 0.41000000000000003, 48.78048780487805)

(21137, (41950, 13176), 0.49, 40.816326530612244)

(24852, (41950, 21903), 0.32, 28.125)

(21903, (41950, 24852), 0.3, 30.0)

(13176, (41950, 21903), 0.32, 28.125)

(24852, (41950, 47626), 0.31, 25.806451612903224)

(47626, (41950, 24852), 0.3, 26.666666666666668)

(13176, (41950, 47626), 0.31, 25.806451612903224)

(21903, (41950, 47626), 0.31, 32.25806451612903)

(47626, (41950, 21903), 0.32, 31.25)

(13176, (41950, 47209), 0.38, 39.473684210526315)

(47209, (41950, 13176), 0.49, 30.612244897959183)

(42265, (41950, 47626), 0.31, 25.806451612903224)

(24852, (10749, 21137), 0.44999999999999996, 28.888888888888886)

(21137, (10749, 24852), 0.33, 39.39393939393939)

(13176, (10749, 21137), 0.44999999999999996, 40.0)

(21137, (10749, 13176), 0.44999999999999996, 40.0)

(24852, (10749, 21903), 0.38, 28.947368421052634)

(21903, (10749, 24852), 0.33, 33.33333333333333)

(47766, (10749, 24852), 0.33, 33.33333333333333)

(47766, (10749, 21903), 0.38, 28.947368421052634)

(26209, (10749, 21903), 0.38, 28.947368421052634)

(10749, (26209, 47766, 21903), 0.3, 26.666666666666668)

(30391, (10749, 21903), 0.38, 26.31578947368421)

(21903, (21616, 24852), 0.43, 25.581395348837212)

(21903, (21616, 13176), 0.35000000000000003, 25.71428571428571)

(21903, (21616, 47626), 0.38, 26.31578947368421)

(24852, (21616, 47766), 0.3, 33.33333333333333)

(47626, (21616, 47766), 0.3, 43.333333333333336)

(47766, (21616, 47626), 0.38, 34.21052631578947)

(47209, (21616, 13176), 0.35000000000000003, 37.142857142857146)

(26209, (21616, 47766), 0.3, 30.0)

(13176, (43352, 21137), 0.43, 30.23255813953488)

(21137, (43352, 13176), 0.42, 30.952380952380953)

(24852, (43352, 21903), 0.31, 25.806451612903224)

(21137, (43352, 21903), 0.31, 25.806451612903224)

(24852, (43352, 47626), 0.32, 40.625)

(47626, (43352, 24852), 0.48, 27.083333333333332)

(47766, (43352, 47626), 0.32, 34.375)

(26209, (43352, 47626), 0.32, 31.25)

(13176, (43352, 39275), 0.43, 32.55813953488372)

(39275, (43352, 13176), 0.42, 33.33333333333333)

(21137, (43352, 39275), 0.43, 27.906976744186046)

(39275, (43352, 21137), 0.43, 27.906976744186046)

(39275, (43352, 21903), 0.31, 25.806451612903224)

(13176, (34126, 21137), 0.35000000000000003, 42.857142857142854)

(21137, (34126, 13176), 0.33, 45.45454545454545)

(47626, (34126, 24852), 0.33999999999999997, 32.35294117647059)

(47626, (34126, 21137), 0.35000000000000003, 25.71428571428571)

(47209, (34126, 13176), 0.33, 39.39393939393939)

(47209, (34126, 21137), 0.35000000000000003, 25.71428571428571)

(45007, (34126, 13176), 0.33, 27.27272727272727)

(24964, (34126, 13176), 0.33, 27.27272727272727)

(13176, (8277,), 1.81, 30.386740331491712)

(21137, (8277, 24852), 0.32, 28.125)

(13176, (8277, 21137), 0.42, 45.23809523809524)

(21137, (8277, 13176), 0.5499999999999999, 34.54545454545455)

(47209, (8277, 13176), 0.5499999999999999, 32.72727272727273)

(47209, (8277, 21137), 0.42, 28.57142857142857)

(13176, (8277, 27966), 0.31, 45.16129032258064)

(27966, (8277, 13176), 0.5499999999999999, 25.454545454545453)

(21137, (8277, 27966), 0.31, 32.25806451612903)

(47209, (8277, 27966), 0.31, 25.806451612903224)

(13176, (27086, 21137), 0.3, 33.33333333333333)

(21137, (27086, 13176), 0.3, 33.33333333333333)

(47209, (27086, 13176), 0.3, 33.33333333333333)

(24852, (49683,), 1.79, 34.63687150837989)

(24852, (49683, 21903), 0.35000000000000003, 45.714285714285715)

(21903, (49683, 24852), 0.62, 25.806451612903224)

(24852, (49683, 47626), 0.4, 30.0)

(47626, (49683, 21903), 0.35000000000000003, 25.71428571428571)

(26209, (49683, 21903), 0.35000000000000003, 34.285714285714285)

(26209, (49683, 47626), 0.4, 32.5)

(8518, (49683, 47626), 0.4, 27.500000000000004)

(24852, (15290,), 1.48, 27.7027027027027)

(13176, (22035,), 1.47, 30.612244897959183)

(24852, (22035, 21137), 0.36, 25.0)

(21137, (22035, 24852), 0.3, 30.0)

(13176, (22035, 21137), 0.36, 36.11111111111111)

(21137, (22035, 13176), 0.44999999999999996, 28.888888888888886)

(47766, (22035, 24852), 0.3, 26.666666666666668)

(47209, (22035, 13176), 0.44999999999999996, 28.888888888888886)

(27845, (22035, 24852), 0.3, 30.0)

(27845, (22035, 21137), 0.36, 27.77777777777778)

(13176, (39877,), 1.6099999999999999, 29.19254658385093)

(24852, (39877, 21137), 0.36, 27.77777777777778)

(21137, (39877, 24852), 0.35000000000000003, 28.57142857142857)

(13176, (39877, 21137), 0.36, 41.66666666666667)

(21137, (39877, 13176), 0.47000000000000003, 31.914893617021278)

(13176, (39877, 21903), 0.38, 31.57894736842105)

(21903, (39877, 13176), 0.47000000000000003, 25.53191489361702)

(21137, (39877, 21903), 0.38, 26.31578947368421)

(21903, (39877, 21137), 0.36, 27.77777777777778)

(47209, (39877, 13176), 0.47000000000000003, 25.53191489361702)

(27966, (39877, 13176), 0.47000000000000003, 25.53191489361702)

(27966, (39877, 21137), 0.36, 27.77777777777778)

(30391, (39877, 13176), 0.47000000000000003, 29.78723404255319)

(30391, (39877, 21137), 0.36, 25.0)

(30391, (39877, 21903), 0.38, 31.57894736842105)

(44359, (39877, 21903), 0.38, 28.947368421052634)

(24852, (34969,), 1.5599999999999998, 33.33333333333333)

(13176, (22825,), 1.6400000000000001, 35.97560975609756)

(13176, (22825, 21137), 0.42, 42.857142857142854)

(21137, (22825, 13176), 0.59, 30.508474576271187)

(21137, (22825,), 1.6400000000000001, 25.609756097560975)

(47209, (22825, 13176), 0.59, 32.20338983050847)

(24852, (9076,), 1.68, 27.380952380952383)

(21137, (24838, 24852), 0.36, 25.0)

(21137, (24838, 13176), 0.38999999999999996, 28.205128205128204)

(27966, (24838, 13176), 0.38999999999999996, 43.58974358974359)

(24852, (34358, 47626), 0.4, 32.5)

(47626, (34358, 24852), 0.36, 36.11111111111111)

(21903, (34358, 47626), 0.4, 27.500000000000004)

(26209, (34358, 47626), 0.4, 32.5)

(8518, (34358, 47626), 0.4, 25.0)

(24852, (5077,), 1.58, 30.37974683544304)

(16797, (5077, 24852), 0.48, 25.0)

(13176, (16759,), 1.28, 25.78125)

(21137, (16759, 13176), 0.33, 30.303030303030305)

(19057, (16759, 13176), 0.33, 27.27272727272727)

(13176, (39928,), 1.39, 41.726618705035975)

(13176, (39928, 21137), 0.38999999999999996, 66.66666666666666)

(21137, (39928, 13176), 0.58, 44.827586206896555)

(21137, (39928,), 1.39, 28.05755395683453)

(13176, (39928, 47209), 0.31, 67.74193548387096)

(47209, (39928, 13176), 0.58, 36.206896551724135)

(21137, (39928, 47209), 0.31, 45.16129032258064)

(47209, (39928, 21137), 0.38999999999999996, 35.8974358974359)

(21903, (39928, 47209), 0.31, 25.806451612903224)

(27966, (39928, 13176), 0.58, 25.862068965517242)

(27966, (39928, 21137), 0.38999999999999996, 28.205128205128204)

(19057, (39928, 47209), 0.31, 25.806451612903224)

(24852, (28842,), 1.4500000000000002, 29.655172413793103)

(24852, (28842, 47626), 0.31, 38.70967741935484)

(47626, (28842, 24852), 0.43, 27.906976744186046)

(24852, (28842, 47766), 0.33, 39.39393939393939)

(47766, (28842, 24852), 0.43, 30.23255813953488)

(47766, (28842, 47626), 0.31, 25.806451612903224)

(24852, (28842, 26209), 0.44999999999999996, 33.33333333333333)

(26209, (28842, 24852), 0.43, 34.883720930232556)

(47626, (28842, 26209), 0.44999999999999996, 40.0)

(26209, (28842, 47626), 0.31, 58.06451612903226)

(47766, (28842, 26209), 0.44999999999999996, 33.33333333333333)

(26209, (28842, 47766), 0.33, 45.45454545454545)

(26209, (28842,), 1.4500000000000002, 31.03448275862069)

(24852, (25890,), 1.55, 31.61290322580645)

(24852, (25890, 21903), 0.33, 39.39393939393939)

(21903, (25890, 24852), 0.49, 26.53061224489796)

(47626, (25890, 21903), 0.33, 30.303030303030305)

(47766, (25890, 21903), 0.33, 27.27272727272727)

(26209, (29487, 24852), 0.33999999999999997, 32.35294117647059)

(13176, (11520,), 1.46, 25.34246575342466)

(47209, (11520, 13176), 0.37, 27.027027027027028)

(21903, (20114, 26209), 0.47000000000000003, 27.659574468085108)

(47626, (20114, 26209), 0.47000000000000003, 38.297872340425535)

(47766, (20114, 26209), 0.47000000000000003, 25.53191489361702)

(26209, (20114,), 1.37, 34.306569343065696)

(20114, (21938, 47626), 0.3, 26.666666666666668)

(21903, (27344, 13176), 0.31, 32.25806451612903)

(13176, (35951,), 1.6400000000000001, 33.53658536585366)

(21137, (35951, 13176), 0.5499999999999999, 27.27272727272727)

(47209, (35951, 13176), 0.5499999999999999, 27.27272727272727)

(13176, (8174,), 1.5, 42.0)

(21137, (8174, 13176), 0.63, 30.158730158730158)

(30391, (8174, 13176), 0.63, 26.984126984126984)

(13176, (27156,), 1.1199999999999999, 30.357142857142854)

(21903, (27156, 13176), 0.33999999999999997, 38.23529411764706)

(47209, (27156, 13176), 0.33999999999999997, 32.35294117647059)

(47209, (27521, 13176), 0.33999999999999997, 32.35294117647059)

(21903, (46667, 13176), 0.32, 25.0)

(21903, (46667,), 1.39, 25.179856115107913)

(13176, (46667, 24964), 0.33999999999999997, 26.47058823529412)

(24964, (46667, 13176), 0.32, 28.125)

(26209, (46667, 24964), 0.33999999999999997, 29.411764705882355)

(13176, (9839,), 1.31, 28.24427480916031)

(21137, (9839, 13176), 0.37, 35.13513513513514)

(24852, (42736,), 1.3, 26.923076923076923)

(16797, (42736, 24852), 0.35000000000000003, 28.57142857142857)

(13176, (7781,), 0.97, 27.835051546391753)

(24852, (260,), 1.01, 30.693069306930692)

(13176, (260,), 1.01, 28.71287128712871)

(21137, (260, 24852), 0.31, 29.03225806451613)

(24852, (46906,), 1.08, 25.0)

(13176, (46906,), 1.08, 26.851851851851855)

(21137, (46906,), 1.08, 25.925925925925924)

(13176, (20995,), 1.1199999999999999, 26.785714285714285)

(21137, (20995, 13176), 0.3, 30.0)

(24852, (8193,), 1.11, 30.630630630630627)

(24852, (5025,), 1.09, 28.440366972477065)

(28842, (5025, 24852), 0.31, 25.806451612903224)

(24852, (2295,), 0.9900000000000001, 29.292929292929294)

(2295, (15290, 24852), 0.41000000000000003, 29.268292682926827)

(15290, (2295,), 0.9900000000000001, 29.292929292929294)

(24852, (40604,), 1.01, 25.742574257425744)

(24852, (28849,), 1.0999999999999999, 29.09090909090909)

(21903, (28849, 24852), 0.32, 31.25)

(47766, (28849, 24852), 0.32, 28.125)

(47766, (28849,), 1.0999999999999999, 26.36363636363636)

(24852, (41844,), 0.97, 30.927835051546392)

(24852, (23909,), 1.21, 29.75206611570248)

(13176, (22963,), 0.88, 27.27272727272727)

(13176, (21405,), 0.8999999999999999, 26.666666666666668)

(21903, (21405,), 0.8999999999999999, 25.555555555555554)

(24852, (9387,), 1.13, 30.08849557522124)

(24852, (47144,), 1.13, 29.20353982300885)

(13176, (24489,), 0.9199999999999999, 31.521739130434785)

(21903, (24489,), 0.9199999999999999, 28.26086956521739)

(13176, (19678,), 0.8999999999999999, 25.555555555555554)

(13176, (24830,), 0.86, 29.069767441860467)

(44632, (21709,), 1.06, 29.245283018867923)

(35221, (21709, 44632), 0.31, 54.83870967741935)

(21709, (35221, 44632), 0.35000000000000003, 48.57142857142857)

(35221, (21709,), 1.06, 25.471698113207548)

(24852, (432,), 1.04, 30.76923076923077)

(13176, (32655,), 0.9900000000000001, 29.292929292929294)

(13176, (43122,), 0.8200000000000001, 31.70731707317073)

(21137, (43122,), 0.8200000000000001, 34.146341463414636)

(24852, (11182,), 0.86, 25.581395348837212)

(13176, (43768,), 0.72, 25.0)

(10749, (43768,), 0.72, 34.72222222222222)

(24852, (41787,), 0.8500000000000001, 30.58823529411765)

(24852, (14992,), 0.8, 30.0)

(13176, (30233,), 0.7799999999999999, 34.61538461538461)

(13176, (46802,), 0.8, 28.749999999999996)

(21137, (46802,), 0.8, 26.25)

(13176, (17948,), 0.79, 31.645569620253166)

(21903, (17948,), 0.79, 27.848101265822784)

(24489, (17948,), 0.79, 27.848101265822784)

(13176, (3957,), 0.91, 27.472527472527474)

(13176, (32864,), 0.72, 27.77777777777778)

(24852, (43772,), 0.8, 27.500000000000004)

(24852, (13870,), 0.72, 33.33333333333333)

(24852, (31343,), 0.66, 27.27272727272727)

(13176, (3952,), 0.64, 34.375)

(21137, (3952,), 0.64, 25.0)

(21903, (3952,), 0.64, 25.0)

(21903, (28289,), 0.6799999999999999, 27.941176470588236)

(21903, (35939,), 0.59, 25.423728813559322)

(47209, (35939,), 0.59, 28.8135593220339)

(26209, (35939,), 0.59, 33.89830508474576)

(24964, (35939,), 0.59, 32.20338983050847)

(31717, (35939,), 0.59, 27.11864406779661)

(24852, (42585,), 0.7000000000000001, 34.285714285714285)

(21903, (42585,), 0.7000000000000001, 30.0)

(13176, (26940,), 0.63, 33.33333333333333)

(21137, (26940,), 0.63, 26.984126984126984)

(13176, (23165,), 0.61, 31.147540983606557)

(24852, (20842,), 0.8099999999999999, 27.160493827160494)

(24852, (38689,), 0.7799999999999999, 28.205128205128204)

(24852, (46676,), 0.7799999999999999, 28.205128205128204)

(21137, (5212,), 0.76, 28.947368421052634)

(24852, (1158,), 0.6, 28.333333333333332)

(24852, (6046,), 0.73, 27.397260273972602)

(24852, (39475,), 0.76, 32.89473684210527)

(47626, (15937,), 0.6, 25.0)

(21903, (41149,), 0.75, 28.000000000000004)

(24852, (21019,), 0.66, 25.757575757575758)

(13176, (48364,), 0.66, 28.78787878787879)

(24852, (26497,), 0.62, 38.70967741935484)

(24852, (29987,), 0.6799999999999999, 25.0)

(13176, (13629,), 0.5700000000000001, 28.07017543859649)

(16797, (21288,), 0.84, 33.33333333333333)

(33754, (40571,), 0.6, 31.666666666666664)

(13176, (26790,), 0.5599999999999999, 30.357142857142854)

(13176, (38383,), 0.61, 27.86885245901639)

(13176, (34448,), 0.5499999999999999, 34.54545454545455)

(24852, (31683,), 0.64, 28.125)

(21903, (40545,), 0.61, 26.229508196721312)

(24852, (10673,), 0.6, 35.0)

(24852, (17600,), 0.59, 27.11864406779661)

(13176, (36695,), 0.58, 34.48275862068966)

(21137, (36695,), 0.58, 25.862068965517242)

(13176, (18362,), 0.64, 34.375)

(24852, (33787,), 0.61, 36.0655737704918)

(33754, (33787,), 0.61, 37.704918032786885)

(33787, (33754,), 0.8099999999999999, 28.39506172839506)

(40571, (33787,), 0.61, 26.229508196721312)

(33787, (40571,), 0.6, 26.666666666666668)

(24852, (16349,), 0.5700000000000001, 28.07017543859649)

(13176, (38159,), 0.6, 25.0)

(21137, (38159,), 0.6, 36.666666666666664)

(24852, (16083,), 0.5499999999999999, 38.18181818181819)

(47766, (16083,), 0.5499999999999999, 38.18181818181819)

(45007, (48745,), 0.49, 34.69387755102041)

(24852, (39408,), 0.6799999999999999, 44.11764705882353)

(24852, (35108,), 0.61, 26.229508196721312)

(13176, (46969,), 0.6, 25.0)

(47209, (46969,), 0.6, 26.666666666666668)

(24852, (18027,), 0.5599999999999999, 25.0)

(21903, (18027,), 0.5599999999999999, 25.0)

(13176, (40723,), 0.54, 40.74074074074074)

(13176, (41665,), 0.47000000000000003, 29.78723404255319)

(27966, (41665,), 0.47000000000000003, 25.53191489361702)

(44632, (26620,), 0.67, 31.343283582089555)

(24852, (21376,), 0.51, 25.49019607843137)

(13176, (1463,), 0.7000000000000001, 25.71428571428571)

(24852, (19048,), 0.5599999999999999, 25.0)

(45007, (19048,), 0.5599999999999999, 25.0)

(24852, (1511,), 0.54, 27.77777777777778)

(13176, (19677,), 0.52, 30.76923076923077)

(13176, (5134,), 0.41000000000000003, 29.268292682926827)

(21137, (5134,), 0.41000000000000003, 36.58536585365854)

(13176, (43504,), 0.47000000000000003, 25.53191489361702)

(21137, (43504,), 0.47000000000000003, 25.53191489361702)

(13176, (10132,), 0.48, 31.25)

(21137, (10132,), 0.48, 27.083333333333332)

(21903, (49383,), 0.53, 26.41509433962264)

(13176, (36070,), 0.58, 25.862068965517242)

(13176, (14678,), 0.53, 26.41509433962264)

(13176, (43713,), 0.5599999999999999, 26.785714285714285)

(24852, (7628,), 0.5499999999999999, 32.72727272727273)

(33754, (18523,), 0.53, 26.41509433962264)

(24852, (47630,), 0.58, 29.310344827586203)

(24852, (37158,), 0.51, 25.49019607843137)

(13176, (31040,), 0.53, 26.41509433962264)

(13176, (38777,), 0.54, 29.629629629629626)

(21137, (38777,), 0.54, 38.88888888888889)

(24852, (8670,), 0.44999999999999996, 31.11111111111111)

(47626, (8670,), 0.44999999999999996, 28.888888888888886)

(13176, (18441,), 0.43, 27.906976744186046)

(21137, (18441,), 0.43, 25.581395348837212)

(13176, (6348,), 0.54, 25.925925925925924)

(34126, (39984,), 0.5, 30.0)

(24852, (48205,), 0.5700000000000001, 29.82456140350877)

(13176, (23029,), 0.42, 28.57142857142857)

(24852, (27548,), 0.42, 26.190476190476193)

(47626, (39812,), 0.5700000000000001, 26.31578947368421)

(13176, (15872,), 0.41000000000000003, 34.146341463414636)

(13176, (17461,), 0.5, 28.000000000000004)

(21137, (17461,), 0.5, 26.0)

(13176, (7948,), 0.48, 35.41666666666667)

(13176, (9339,), 0.44999999999999996, 31.11111111111111)

(24852, (7969,), 0.44, 27.27272727272727)

(8518, (7969,), 0.44, 27.27272727272727)

(13176, (24561,), 0.44999999999999996, 26.666666666666668)

(24852, (13198,), 0.5, 36.0)

(47626, (13198,), 0.5, 32.0)

(24852, (28465,), 0.52, 26.923076923076923)

(24799, (28465,), 0.52, 25.0)

(24852, (25824,), 0.48, 31.25)

(24852, (16965,), 0.48, 25.0)

(13176, (29447,), 0.5700000000000001, 33.33333333333333)

(13176, (45123,), 0.47000000000000003, 29.78723404255319)

(47209, (45123,), 0.47000000000000003, 29.78723404255319)

(24852, (44422,), 0.44, 29.545454545454547)

(24852, (12614,), 0.38, 44.73684210526316)

(47766, (12614,), 0.38, 44.73684210526316)

(13176, (30776,), 0.5599999999999999, 25.0)

(13176, (3376,), 0.38, 34.21052631578947)

(21903, (3376,), 0.38, 26.31578947368421)

(24852, (45,), 0.5, 40.0)

(24852, (40174,), 0.43, 27.906976744186046)

(24852, (49075,), 0.44, 27.27272727272727)

(13176, (49075,), 0.44, 31.818181818181817)

(21903, (49075,), 0.44, 25.0)

(24852, (36865,), 0.43, 27.906976744186046)

(28465, (36865,), 0.43, 37.2093023255814)

(36865, (28465,), 0.52, 30.76923076923077)

(40198, (17758,), 0.42, 40.476190476190474)

(17758, (40198,), 0.38999999999999996, 43.58974358974359)

(24852, (36011,), 0.54, 25.925925925925924)

(21903, (19508,), 0.47000000000000003, 25.53191489361702)

(33754, (4957,), 0.47000000000000003, 34.04255319148936)

(40571, (4957,), 0.47000000000000003, 34.04255319148936)

(4957, (40571,), 0.6, 26.666666666666668)

(33787, (4957,), 0.47000000000000003, 27.659574468085108)

(24852, (5782,), 0.5, 38.0)

(47626, (7500,), 0.35000000000000003, 25.71428571428571)

(24852, (28934,), 0.49, 32.6530612244898)

(47626, (23537,), 0.49, 26.53061224489796)

(24852, (17872,), 0.49, 28.57142857142857)

(24852, (7751,), 0.49, 26.53061224489796)

(13176, (44765,), 0.4, 30.0)

(24852, (38400,), 0.5499999999999999, 41.81818181818181)

(47626, (42625,), 0.49, 32.6530612244898)

(13176, (651,), 0.42, 40.476190476190474)

(21137, (651,), 0.42, 28.57142857142857)

(16797, (32303,), 0.51, 25.49019607843137)

(24852, (46584,), 0.4, 30.0)

(40198, (31215,), 0.33, 27.27272727272727)

(17758, (31215,), 0.33, 30.303030303030305)

(13176, (15613,), 0.4, 25.0)

(24852, (23236,), 0.42, 42.857142857142854)

(24852, (22395,), 0.38, 26.31578947368421)

(24852, (4086,), 0.41000000000000003, 29.268292682926827)

(24852, (14197,), 0.38999999999999996, 28.205128205128204)

(13176, (30450,), 0.5499999999999999, 29.09090909090909)

(24852, (42244,), 0.4, 40.0)

(24852, (40332,), 0.43, 25.581395348837212)

(21903, (14084,), 0.4, 32.5)

(24852, (30696,), 0.35000000000000003, 28.57142857142857)

(13176, (25138,), 0.43, 30.23255813953488)

(21137, (25138,), 0.43, 30.23255813953488)

(24852, (38273,), 0.42, 28.57142857142857)

(24852, (6187,), 0.43, 25.581395348837212)

(24852, (37766,), 0.48, 27.083333333333332)

(24852, (49131,), 0.35000000000000003, 45.714285714285715)

(13176, (35140,), 0.38999999999999996, 33.33333333333333)

(21137, (35140,), 0.38999999999999996, 25.64102564102564)

(24852, (38164,), 0.4, 32.5)

(24852, (32177,), 0.38, 26.31578947368421)

(24852, (18926,), 0.35000000000000003, 34.285714285714285)

(24852, (13733,), 0.47000000000000003, 27.659574468085108)

(13176, (28745,), 0.35000000000000003, 37.142857142857146)

(21137, (28745,), 0.35000000000000003, 28.57142857142857)

(13176, (12456,), 0.38, 26.31578947368421)

(13176, (44479,), 0.31, 32.25806451612903)

(21137, (44479,), 0.31, 29.03225806451613)

(13176, (2228,), 0.35000000000000003, 34.285714285714285)

(21903, (2228,), 0.35000000000000003, 28.57142857142857)

(24852, (21295,), 0.37, 29.72972972972973)

(13176, (11140,), 0.35000000000000003, 25.71428571428571)

(21137, (11140,), 0.35000000000000003, 25.71428571428571)

(24852, (39190,), 0.38999999999999996, 25.64102564102564)

(24852, (34217,), 0.35000000000000003, 34.285714285714285)

(24852, (37220,), 0.36, 36.11111111111111)

(13176, (35163,), 0.38999999999999996, 25.64102564102564)

(24852, (45603,), 0.47000000000000003, 25.53191489361702)

(24852, (35628,), 0.35000000000000003, 28.57142857142857)

(13176, (44560,), 0.33999999999999997, 26.47058823529412)

(47626, (37065,), 0.36, 25.0)

(26209, (37065,), 0.36, 33.33333333333333)

(24852, (22124,), 0.36, 25.0)

(18926, (22124,), 0.36, 30.555555555555557)

(22124, (18926,), 0.35000000000000003, 31.428571428571427)

(24852, (34050,), 0.48, 31.25)

(24852, (10644,), 0.41000000000000003, 34.146341463414636)

(47626, (10644,), 0.41000000000000003, 26.82926829268293)

(47766, (10644,), 0.41000000000000003, 26.82926829268293)

(24852, (5456,), 0.36, 25.0)

(24852, (14897,), 0.33999999999999997, 41.17647058823529)

(24852, (17652,), 0.33, 33.33333333333333)

(21137, (17652,), 0.33, 36.36363636363637)

(24852, (3599,), 0.36, 33.33333333333333)

(24852, (6631,), 0.37, 35.13513513513514)

(13176, (6873,), 0.38999999999999996, 28.205128205128204)

(21137, (2452,), 0.33, 27.27272727272727)

(24852, (28156,), 0.4, 37.5)

(13176, (21174,), 0.36, 25.0)

(24852, (12845,), 0.35000000000000003, 31.428571428571427)

(21137, (12845,), 0.35000000000000003, 25.71428571428571)

(21903, (12845,), 0.35000000000000003, 25.71428571428571)

(13176, (39561,), 0.3, 36.666666666666664)

(21137, (39561,), 0.3, 33.33333333333333)

(13176, (46820,), 0.35000000000000003, 25.71428571428571)

(13176, (18234,), 0.38999999999999996, 25.64102564102564)

(24852, (1408,), 0.33, 30.303030303030305)

(13176, (31869,), 0.33, 27.27272727272727)

(24852, (48395,), 0.33999999999999997, 32.35294117647059)

(24852, (32734,), 0.37, 37.83783783783784)

(21903, (35547,), 0.37, 29.72972972972973)

(13176, (15902,), 0.36, 27.77777777777778)

(13176, (5646,), 0.33999999999999997, 32.35294117647059)

(21903, (37524,), 0.38999999999999996, 28.205128205128204)

(24852, (14218,), 0.33, 36.36363636363637)

(24852, (44008,), 0.3, 30.0)

(13176, (44008,), 0.3, 26.666666666666668)

(21137, (44008,), 0.3, 30.0)

(24852, (35887,), 0.31, 32.25806451612903)

(22035, (35887,), 0.31, 25.806451612903224)

(24852, (13646,), 0.38, 34.21052631578947)

(47766, (13646,), 0.38, 26.31578947368421)

(24852, (19003,), 0.31, 29.03225806451613)

(24852, (14161,), 0.32, 34.375)

(47766, (14161,), 0.32, 25.0)

(16797, (14161,), 0.32, 25.0)

(24852, (32429,), 0.3, 26.666666666666668)

(16797, (32429,), 0.3, 26.666666666666668)

(13176, (2855,), 0.36, 30.555555555555557)

(13176, (18370,), 0.33999999999999997, 41.17647058823529)

(21137, (18370,), 0.33999999999999997, 32.35294117647059)

(24852, (13249,), 0.31, 29.03225806451613)

(24852, (22959,), 0.4, 40.0)

(24852, (29553,), 0.3, 26.666666666666668)

(24852, (13517,), 0.32, 31.25)

(24852, (36550,), 0.44999999999999996, 26.666666666666668)

(21137, (7559,), 0.33, 30.303030303030305)

(24852, (12872,), 0.32, 31.25)

(24852, (38200,), 0.3, 26.666666666666668)

(21137, (2825,), 0.31, 25.806451612903224)

(13176, (28476,), 0.3, 30.0)

(21137, (28476,), 0.3, 36.666666666666664)

(27966, (28476,), 0.3, 26.666666666666668)

(24852, (28373,), 0.33, 39.39393939393939)

(47766, (28373,), 0.33, 39.39393939393939)

(24852, (6104,), 0.38999999999999996, 25.64102564102564)

(27845, (6104,), 0.38999999999999996, 41.02564102564102)

(24852, (1999,), 0.32, 25.0)

(45007, (1999,), 0.32, 25.0)

(24852, (46886,), 0.3, 26.666666666666668)

(40198, (46886,), 0.3, 33.33333333333333)

(46886, (40198,), 0.38999999999999996, 25.64102564102564)

(31215, (46886,), 0.3, 30.0)

(46886, (31215,), 0.33, 27.27272727272727)

(13176, (36735,), 0.32, 25.0)

(21137, (36735,), 0.32, 28.125)

(13176, (18288,), 0.31, 25.806451612903224)

(21137, (18288,), 0.31, 25.806451612903224)

(24799, (13263,), 0.33, 36.36363636363637)

(28465, (13263,), 0.33, 39.39393939393939)

(13263, (28465,), 0.52, 25.0)

(36865, (13263,), 0.33, 36.36363636363637)

(13263, (36865,), 0.43, 27.906976744186046)

(13176, (24024,), 0.33, 27.27272727272727)

(24852, (40910,), 0.33999999999999997, 26.47058823529412)

(13176, (42110,), 0.32, 28.125)

(21137, (15200,), 0.36, 27.77777777777778)

(13176, (43662,), 0.31, 35.483870967741936)

(21903, (43662,), 0.31, 25.806451612903224)

(24852, (3464,), 0.35000000000000003, 25.71428571428571)

(24852, (44661,), 0.3, 26.666666666666668)

(13176, (44661,), 0.3, 40.0)

(47626, (44661,), 0.3, 33.33333333333333)

(13176, (18656,), 0.32, 25.0)

(5876, (18656,), 0.32, 25.0)

(47977, (36316,), 0.35000000000000003, 28.57142857142857)

(24852, (48171,), 0.3, 26.666666666666668)

(24852, (45681,), 0.31, 35.483870967741936)

(24852, (27730,), 0.36, 30.555555555555557)

(24852, (33768,), 0.35000000000000003, 28.57142857142857)

(24852, (39180,), 0.33999999999999997, 35.294117647058826)

(13176, (27325,), 0.36, 25.0)

(13176, (35914,), 0.3, 26.666666666666668)

(13176, (26317,), 0.3, 30.0)

(8309, (28465,), 0.52, 25.0)

(19156, (18926,), 0.35000000000000003, 31.428571428571427)

(21137, (8571,), 0.42, 26.190476190476193)

(13176, (14715,), 0.31, 25.806451612903224)

(47087, (22124,), 0.36, 27.77777777777778)

(6184, (38928,), 0.4, 30.0)

(13176, (8048,), 0.38999999999999996, 28.205128205128204)

(24852, (28427,), 0.32, 25.0)

(13176, (21386,), 0.3, 30.0)

(13176, (4149,), 0.35000000000000003, 31.428571428571427)

(21137, (4149,), 0.35000000000000003, 25.71428571428571)

(21903, (4149,), 0.35000000000000003, 28.57142857142857)

(13176, (13575,), 0.3, 33.33333333333333)

(6184, (13575,), 0.3, 36.666666666666664)

(13176, (10326,), 0.3, 50.0)

(21137, (10326,), 0.3, 26.666666666666668)

